MAK1

023023023023023023023023023023023023023023023023023023023023023023023023023023023023
023023023023023023023023023023023023023023023023023023023023023023023023023023023023
023023023023023023023023023023023023023023023023023023023023023023023023023023023023
023023023023023023023023023023023023023023023023023023023023023023023023023023023023
023023023023023023023023023023023023023023023023023023023023023023023023023023023023
023023023023023023023023023023023023023023023023023023023023023023023023023023023023
023023023023023023023023023023023023023023023023023023023023023023023023023023023023
023023023023023023023023023023023023023023023023023023023023023023023023023023023023
023023023023023023023023023023023023023023023023023023023023023023023023023023023023
023023023023023023023023023023023023023023023023023023023023023023023023023023023023
023023023023023023023023023023023023023023023023023023023023023023023023023023023023
023023023023023023023023023023023023023023023023023023023023023023023023023023023023
023023023023023023023023023023023023023023023023023023023023023023023023023023023023
023023023023023023023023023023023023023023023023023023023023023023023023023023023023