MAK2

023023023023023023023023023023023023023023023023023023023023023023023023023023023023
023023023023023023023023023023023023023023023023023023023023023023023023023023023023
023023023023023023023023023023023023023023023023023023023023023023023023023023023023
023023023023023023023023023023023023023023023023023023023023023023023023023023023023
023023023023023023023023023023023023023023023023023023023023023023023023023023023023
023023023023023023023023023023023023023023023023023023023023023023023023023023023023
023023023023023023023023023023023023023023023023023023023023023023023023023023023023
023023023023023023023023023023023023023023023023023023023023023023023023023023023023
023023023023023023023023023023023023023023023023023023023023023023023023023023023023
023023023023023023023023023023023023023023023023023023023023023023023023023023023023
023023023023023023023023023023023023023023023023023023023023023023023023023023023023
023023023023023023023023023023023023023023023023023023023023023023023023023023023023
023023023023023023023023023023023023023023023023023023023023023023023023023023023023
023023023023023023023023023023023023023023023023023023023023023023023023023023023023