MAK3

023023023023023023023023023023023023023023023023023023023023023023023023023023023023
023023023023023023023023023023023023023023023023023023023023023023023023023023023023
023023023023023023023023023023023023023023023023023023023023023023023023023023023023
023023023023023023023023023023023023023023023023023023023023023023023023023023023023
023023023023023023023023023023023023023023023023023023023023023023023023023023023023
023023023023023023023023023023023023023023023023023023023023023023023023023023023023
023023023023023023023023023023023023023023023023023023023023023023023023023023023023
023023023023023023023023023023023023023023023023023023023023023023023023023023023023
023023023023023023023023023023023023023023023023023023023023023023023023023023023023
023023023023023023023023023023023023023023023023023023023023023023023023023023023023
023023023023023023023023023023023023023023023023023023023023023023023023023023023023
023023023023023023023023023023023023023023023023023023023023023023023023023023023023
023023023023023023023023023023023023023023023023023023023023023023023023023023023023
023023023023023023023023023023023023023023023023023023023023023023023023023023023023